18441 6707 -93393 -47072 -37018 -22978 -41334 48698 28006 -4965 62889 1061 6540 -72418 54437 50696 6857 26891 -76812 -2952 44455 35314 1841 30845 14873 40989 26437 69607 -72712 12613 -60995 49800 -41688 61208 83997 -30865 -7242 -9618 -124020 -58415 66448 -25557 39496 50333 29679 20696 -21545 58947 -3975 -41684 68841 86024 46270 -68563 17695 40715 -13963 9129 42187 -38469 43168 -11417 29604 -55603 
80863 -93247 19269 7666 -52757 40249 21105 43024 -44123 -41744 8596 -61103 42407 22838 -27714 14995 -40039 -31806 -38508 -33172 -57002 -34655 33014 122466 360 6001 -16872 5316 -18987 -21895 30014 35785 5991 102371 -24468 14639 2582 -7114 6312 99469 64141 33257 31588 76982 17046 -39503 95046 22814 -22799 -13981 42728 61659 -23508 -42123 60910 -28574 -31817 29246 25794 -62836 9642 45461 54143 -28032 
-13144 51617 24334 108302 3364 -7663 -110078 -100285 24965 -65081 -72255 62348 17513 14475 -10783 74718 11146 -85769 33330 -2886 17204 38980 15467 13640 -38953 67840 84570 49354 -38461 87907 -86837 -51753 11014 80 -21359 -87722 49761 59300 -40910 -5026 -25737 5890 -17567 18409 -3675 -10771 34510 -51123 -68988 12851 -56507 -54146 38614 -55175 18708 58528 38816 -39011 -56508 -63725 -31468 -53925 38506 -64256 
-8305 21185 -36971 53093 53576 -12959 -54240 5446 41035 -54203 -12922 41619 -26755 -46616 122358 -93953 17940 -9577 -9256 -36249 -53393 -34800 -79611 -42254 -105341 59681 -23288 17459 -75541 -41871 -8577 -28757 -31786 16323 -39168 31908 49856 46135 16796 5359 92934 5454 6278 20061 24624 -51364 2012 4840 12626 12955 9029 -78091 -23342 -76294 30824 27518 -39422 74820 61146 26811 -35191 -84524 12900 -71728 
-52696 -3214 -3662 -8611 -80167 144280 77390 47144 17781 -8044 10083 -32673 -45156 -56163 -26861 -17964 33029 44313 29989 -32638 5011 71892 61147 20184 46196 72751 -35942 37470 -61539 70278 16605 54244 12219 -54440 -18965 114806 11950 1713 71169 -9374 45976 -16465 -117105 11949 5626 19826 11113 -60161 32262 -56034 12810 -69260 10076 84518 -26390 84760 15169 6707 -759 -115688 -46473 79688 -9556 -9841 
88028 -93281 41489 12335 45791 8053 9204 22934 42356 -52774 -76719 52064 -48803 -15694 -105111 -48434 -57948 -18679 -98544 -50090 -3426 -27646 83658 48118 -45196 -63396 25923 -10341 -61426 -35852 -24463 -53209 34124 -92539 15422 18182 -55493 5019 -40635 -118127 32732 -13404 -35983 -33338 28843 -56376 97196 39300 -14380 39793 59940 -82790 -83966 41947 14616 40274 -9229 38666 41819 2270 53845 -43535 -31832 13269 
44996 50832 -10729 -116919 -30377 10087 65353 75850 69958 10550 60430 33050 -49222 23778 -35203 15087 21537 93894 -55304 -37336 -35837 -32899 44797 24149 -40228 -32954 -89069 43029 37028 -12948 32854 -37066 89857 46586 -1153 62169 -11888 -78606 31805 8611 -85983 31951 -95304 -30815 82324 42955 -41082 -4534 65620 -29236 -9025 119237 -68736 -8399 -44852 8906 -78592 -50224 63763 -10327 32748 13703 64650 -31430 
-34568 -16434 14107 -27938 28767 -6842 -48245 31835 -11669 -49664 -81144 -10617 19945 -16714 -8163 19147 -26331 -84133 48561 -47220 126998 55741 -80441 -35915 -22930 35782 58722 -8892 -47202 128567 -134432 7143 -44009 11273 20937 -17915 14182 71369 -119137 -49684 87235 -49610 44011 3577 14193 -49727 74606 31706 -45631 -12508 -13124 -18937 -3406 -27504 119983 -189 55578 12970 -47666 -6588 -22908 47598 -19447 -38871 
-85391 -21334 -64205 -24594 -43712 -13887 -19633 -386 -75278 97705 -13585 -42259 20095 8037 46600 53489 -16192 -13171 45048 -27026 22950 31515 -2060 3282 -29921 -38624 41221 -56017 -27256 17589 -1613 33483 -7837 54495 123881 -17771 -29957 16726 -10008 -43759 45081 1908 -48616 -113602 8377 46110 -29869 -6537 -19017 -14569 32631 -1011 -14967 81831 3338 27979 33667 45962 -100163 -18824 -12086 4890 -71899 24182 
131 5652 3989 1974 -20936 14029 18798 21779 22664 -54420 -33830 3481 -9515 72678 52888 71096 74441 -34907 -15010 66674 -23322 64215 -168 -61615 -66597 5928 -22326 -73765 9526 42733 -10328 -26666 80647 -134413 29531 -14806 51933 -35192 -6822 -23209 8152 16881 -25757 -28410 -48856 -47569 60300 -28115 -25752 -61685 28492 -19465 -50993 -20758 27373 56998 26751 35831 21457 -20118 43913 7379 18401 -33668 
-50301 -4839 47309 34900 24328 -21129 -41276 -27617 -48889 -10041 -56991 23157 -54110 51793 42956 72269 -36966 -88970 -18944 -33608 17711 -82939 -9396 4787 28232 11704 11247 -26407 61217 -17821 -39222 -15185 -4397 -62678 63650 8223 -38946 -1698 -42287 2507 -44871 -541 2222 7532 -2341 20482 54488 61753 -49305 -21958 -896 -91432 79723 63337 29272 1343 7222 -679 -59282 20771 65019 -240 -49802 56604 
-62754 41666 23979 84820 11082 40969 17893 -19743 -48579 -21446 -30792 -18009 -160017 56092 -25449 -53982 4788 42179 33044 -5636 15575 -12143 27807 -24552 -54167 -19307 -13435 -40050 75104 -23677 68230 -41741 -18696 -30017 -14997 25131 5402 33752 17610 -14605 94166 42328 14595 -6857 -31185 -29019 -2337 -53048 -15878 2122 22405 19627 -104577 34117 21748 -55467 55194 66623 -36623 62516 18050 43077 -32573 21851 
-70430 -12645 38914 4023 -64242 79549 14292 -36329 -10897 -51585 3547 336 19122 -48548 -29256 5407 -64099 -25233 -7777 9310 29355 20589 44901 -2711 28298 63236 -10704 -16503 54350 83258 -14241 73163 42488 13407 661 29782 -31847 -25103 -11005 39819 -62946 -18766 27233 -35683 10930 -77005 39057 -20900 -19614 -19665 -18266 46476 7927 15022 -21306 -21088 58805 37232 -50655 -88337 -64066 43501 26899 15466 
-8913 -6793 49688 -32868 62378 -9397 71570 -34700 71120 -69074 62676 -2898 -10086 -66660 45974 -3011 74242 -75284 -10185 14529 -23171 21884 33141 -9823 -25884 -25180 -68825 -9677 36889 -38479 95732 52300 -3502 27402 -66009 97510 31634 -12339 5210 6062 -15303 29184 -8457 -23767 50772 58927 -38188 -14149 77128 32360 29446 -1302 27104 -45686 2711 69962 -21725 -25827 68309 -3242 -16848 13078 -331 -99486 
11088 79254 -118020 -5548 3668 -13779 23237 70327 44736 -64042 37258 -3496 30349 -39228 4043 51329 23913 -18184 -114946 38240 19420 -20925 -26957 26612 -74188 -35955 3506 -18229 -14175 -29231 -3988 -18607 -78240 37725 -16513 -108246 61706 43319 -24465 -34947 54142 -23034 79869 -52002 16744 -33692 63556 -26611 28891 -9690 29404 49508 -39420 -108093 -44903 411 -6694 94961 41442 -59186 1410 -44384 46567 -6460 
-21623 -8205 8569 -34262 81 -62238 -49441 6904 49284 23000 -12111 80876 -64857 -30153 -35038 -29180 -41934 -17756 -48497 -51213 -60754 -12824 -26613 -36868 -85239 13686 -18314 -82047 -61508 9294 -99216 -18065 -2358 8965 62831 -90522 -40037 87867 4982 -14020 36126 -78548 -27877 9882 -23909 -45702 80391 72362 -49620 16357 -5931 -49438 -36241 51413 -6881 86198 -65756 7698 32853 -15646 80497 -49008 13971 -35757 
37158 37224 -12498 -14500 6224 -9195 -21967 -20286 42069 -13676 -41157 7681 42328 51438 -67155 5225 -135669 43063 -3530 46910 12046 -7517 -22377 -95751 32451 -35393 80786 51866 69482 -41567 5199 -38171 -37375 33224 -27751 -1174 -8899 56845 54223 -48170 12339 13774 397 53441 47066 -33600 63334 15279 10699 -47735 32153 34645 -61664 2868 -48277 -3034 -2940 -21799 -45861 -24699 -10155 -8504 95419 91630 
-15207 2623 9948 -9984 -54222 25408 22699 -18432 -17847 -46900 30527 18133 -398 17461 11678 19108 21237 33041 41965 61865 -67086 163 -43346 38178 -12515 62030 42129 -38073 -6020 16614 54464 12828 9936 106787 -10731 -50393 -61488 -44351 50065 9344 -13429 -38548 21531 43950 -36700 -8367 -42834 -779 -3611 2013 16721 36292 12485 -40201 9526 -38967 -16412 45817 38195 28676 -85149 -27737 6809 12219 
-40907 20299 -25108 -7485 -24997 89184 54239 55314 -629 87781 15605 -48665 -98067 -109327 19283 -84104 -75259 -9098 45100 -54038 -36449 -2493 46881 49 19675 -28456 -20893 -19619 -33562 12007 -8924 -38431 -56703 -14241 13865 39390 -140377 -21858 -14684 4080 -11786 41977 -108428 90377 1518 47919 -92733 13834 63368 22500 -30765 78038 -64149 -50494 -87469 -17179 21118 53391 47554 -7731 -33130 -4436 34772 53211 
-44736 -25764 -13672 -52468 26926 -77551 6718 98095 6708 -53223 -42073 -49164 39910 39181 70879 -31686 64779 -47808 -31049 18024 21765 -65039 -51923 24505 -18512 83923 64970 -80497 25858 -35327 -19021 -73614 47149 -39062 25047 5348 20090 56570 -8476 -15553 9374 -33868 27267 -46787 -6172 54816 -13165 11479 -62900 28412 -10306 68519 -52786 -13488 26470 -49611 -40135 19119 -4519 97967 -4870 23530 -69853 2330 
17677 -20887 77787 -15004 -23233 32490 21054 -43451 -3371 -87938 11562 85091 35818 22174 14314 28133 15721 -58157 21640 1376 70322 8349 6213 15079 35636 22290 -1534 -29197 40627 45790 37799 -57164 237 24367 -25156 -44271 -26277 -51786 39150 -49888 -76746 -22477 48939 10787 -77570 -32347 1829 -62635 10126 -23043 3987 49115 24925 7444 30941 -35020 -10266 11135 -37161 -37472 19901 44133 47348 69245 
-22284 -27882 12373 46280 -50178 72465 64599 39788 4002 24311 30542 -109632 72592 57428 24644 -5199 -45943 10642 84929 -23647 -107177 -36347 37461 68357 -29597 -68048 -18769 -7902 1765 -35427 72335 -9593 14199 -41293 -50258 55194 41408 -3234 33745 46829 84845 110633 -82308 61801 -19932 -11085 -63602 -43310 20725 59473 -16842 6008 -63882 -24545 11781 1664 -17103 -18202 -16308 -85661 40799 50005 59692 -11878 
-13674 -44077 -47488 21358 22173 -5727 31468 111503 -31057 21226 24093 58527 33750 4963 39584 29742 -110356 -64471 -1565 -41577 -24962 -22229 57142 99770 1818 -33865 -63454 -59527 16397 -74366 -29388 79365 31326 -96562 -29117 27623 -22376 -15421 15451 46002 151446 32302 -40571 -22913 1256 72020 3992 33071 -7883 -44904 -27516 -12299 23496 -32719 -8392 89208 -34213 47094 -19162 -53823 17714 -32161 16860 -21216 
-11349 8852 -41903 575 -17765 88923 15472 14718 43050 -23680 64537 -26156 37886 -49557 24424 -13873 -2295 -10227 25130 -98276 4711 16179 128923 80553 -16379 -112294 -102937 -60211 -77621 57288 -20308 -5474 8543 7825 -16678 -31613 -67896 -75559 -12059 -49245 32780 27566 -53092 -25576 56429 15522 -30499 -3132 16836 65793 -21610 134778 -21466 -78681 -76080 1943 -17447 -3763 -1206 -154089 -37111 -6796 -58255 -671 
13625 14841 -35343 7452 -14197 -22791 7515 22983 -10262 -11385 -78608 22222 -58955 70373 -83379 -862 -65317 72971 -77764 -59225 37023 19385 -952 -33121 41281 7193 59775 67391 9285 -12581 -13258 -9635 -39149 -33628 -38070 36049 -21278 48902 -92479 54312 41567 8974 -33776 16578 28380 -42534 -18042 10581 -24278 -4334 35243 -8625 1116 -30620 2284 -7128 103274 30677 -16242 60447 -65966 -7438 47302 74495 
24224 -6647 -24856 59795 -6145 -97214 109671 29585 -17726 -58861 85577 -14263 -49209 27493 84453 -28211 8194 -86975 -35663 -119570 -42358 29019 34977 -7207 47110 33914 32952 -84444 90338 -36086 8686 -30242 -103568 -108094 -55612 132725 54843 -2269 12893 74161 6921 -6394 -45599 -22375 -46873 59166 55758 -9146 -30399 -81520 -15703 -80655 379 -36411 10539 396 9625 33383 -5069 -72418 -70387 2922 41065 -3245 
-65947 13016 55236 92790 15340 47431 -68984 -24711 14636 -43829 -129599 -15478 -50048 -1342 -39043 -29709 24460 74748 78385 -1726 15490 20546 67700 -46573 21002 -47243 27863 57472 47481 66366 11174 -40005 10536 -78993 -28238 -69621 24053 31850 45685 3649 42600 42767 66422 11479 -99708 -44891 -66043 -30042 -4975 50968 51628 -65735 -66918 -26001 53764 55949 93605 -18906 -12796 -10199 67542 36198 16618 40013 
-7293 31710 -4208 33482 25883 15405 44769 33768 32397 -39436 -10937 28879 3036 10004 31348 37621 41198 -47483 -36232 33481 50940 -18497 53084 42725 -10531 24 -15029 23213 53416 -12075 96890 -69003 36587 -116706 -49136 -32943 83783 -37563 -38159 -37871 343 34079 -43887 29090 22863 50536 -11909 -59957 52332 -43440 -31194 87750 -31967 -47284 57671 -75397 -13845 73092 21316 -32664 29633 -47741 -67190 -4430 
-62967 32837 -23862 -1582 61123 -74798 -47673 -15127 -101939 25888 -73247 39805 -24657 42775 -26211 -32357 -23631 6209 -12662 -5256 9097 -82900 -47732 -32529 33725 19423 4032 66508 2049 11525 41571 35850 -9056 -1810 -33455 27006 9010 5437 6411 54669 10531 -45536 5870 32255 5199 8170 31062 4685 14381 82204 -109505 -117391 55721 -6281 12478 61538 28838 -26500 26694 46066 -17465 -95140 -36605 -41054 
-9524 53099 -38285 -55490 -14510 2865 28402 60115 57679 -9499 -110434 -2232 -22587 -55506 42690 -27664 -5814 52197 -38868 100648 -30051 -54584 -64974 21937 -49499 22430 71694 20364 50563 -6132 63143 -30650 82785 14900 170786 10548 2066 50448 -82057 -21586 19425 -48715 -69086 114049 76277 -49948 63820 57452 19950 11024 -30909 -784 -44211 14100 -131102 29478 -57278 62666 48140 90127 131675 -31956 34189 -10462 
-59886 8522 62766 58085 22687 5099 -90560 -67838 -30048 -48969 -9410 -61238 19821 9791 -9797 54769 18819 -24782 22894 -31474 36354 3563 28134 16222 9418 -65029 4840 -14229 -50386 64799 -31446 47014 -56206 57940 -44250 -43959 -9305 1719 -51733 -4022 36964 37053 149025 -31724 -31649 36206 -32572 6325 -7169 82493 -57898 44954 24677 -103711 -5051 -51181 137422 -13882 -36520 -30040 -19327 -41322 -12680 -41637 
70939 -32013 9686 30344 46078 -10406 -14643 -14347 -36245 -75638 -43677 82154 -36280 -75527 21355 4533 -45535 -37955 -7708 -30378 16641 -18441 -15232 43522 7174 2391 62668 -59295 -29345 -13258 -6330 -24264 107584 105830 54360 -52833 -6782 -102241 -15319 24269 67966 -56734 23282 71741 58716 13337 20023 -74438 -13762 -76233 29063 -5247 30362 41449 54889 36248 -84862 97700 -40472 -2295 -58945 -25594 -42206 -49825 
-15090 -12151 46177 -13797 3440 -12073 -16149 -8282 58636 -12089 14168 35885 3276 22723 39346 -20093 61852 66620 45424 22648 -68614 -18455 -32630 -66505 -77506 77941 -47067 -6348 -69023 25921 -48471 40064 47995 45830 -26214 -34541 -56777 33227 70518 54906 4548 -48487 44671 10488 64929 10885 -29910 98432 73341 -56604 -31506 -11934 59716 9703 -13336 18379 -86509 -133614 81657 5223 37709 -62539 -79647 -41119 
59557 -30493 -15512 19520 39364 -74269 1398 -36239 20247 -57646 104984 91856 86463 -42711 127564 5890 8240 -8177 -30510 -4735 41334 13349 -20917 -10135 6319 -1073 -44955 35227 62042 -10653 33392 -61125 -13462 -14827 -32798 -2157 -15399 -27613 38519 -36726 28774 74231 27685 -74447 8723 41244 -30848 -34019 -27367 -40961 79956 -31297 27122 25633 65824 59385 40815 1370 -29185 -43703 -796 -37568 -63645 66137 
22769 -40944 6795 25905 -32121 51925 -25597 -42261 30109 -15871 6463 -114826 69817 -25044 -15065 -27617 26364 37036 50144 23296 58027 59323 29932 28793 96930 -31967 19013 29384 23061 19120 -21872 14701 -26464 -19679 -36344 11366 13948 -3724 -50733 -22828 30353 36975 -65758 26 -12378 -49144 -95733 -72665 12265 -28936 78359 34000 48070 -21097 -17823 -60903 46721 20458 -79293 36738 -55127 41232 -28207 40361 
-30481 -18441 21138 -21385 88642 -102843 9603 25323 -43131 -27424 -25800 -28163 5320 102679 -57 10234 93244 -61713 -30853 -8108 69526 -3990 -61126 -11537 -46001 32538 -61198 -59640 -136956 31586 -56686 49115 -62568 4542 65037 -39852 -31845 12741 -673 25207 43427 -7324 48742 36782 -30905 9183 82237 23034 27248 -8702 -30293 -52941 24655 -61319 -45856 -13083 27241 152 59672 81083 83503 -31050 2533 -7422 
32204 8132 -32957 -16840 -42290 972 56477 -5075 51716 7024 -69125 21308 -81848 -57721 -23635 35535 80960 4191 -6416 -6049 5607 81696 68382 -61499 -3586 32278 31507 30907 -1689 102524 -35648 -38345 29356 -8837 14474 -71856 45372 9084 31817 2819 -27718 -57358 20358 54086 -8649 -10674 14530 -76611 1679 -93232 70558 -11842 -50202 65612 37728 -39858 78584 46383 30881 -42296 26098 98986 17400 20554 
-46218 63492 76091 81869 -11843 -10801 89349 7790 23512 -13214 -2273 3750 8542 -35060 11068 -10032 -14571 7500 -16 -24037 63899 -29958 -33980 12650 203 14729 -1713 -51293 -7486 68102 -55592 15522 -70300 65457 -41843 16297 21624 37116 -38950 -9991 -58782 -42774 30279 6709 -7761 -23828 35657 -24659 37669 -38388 2691 23839 4524 -118396 -20561 -11540 -29565 38306 5573 -26499 -30946 -12412 6434 -16895 
-2810 -68945 -64786 37144 -8949 -1468 15806 -41488 -33481 -13185 -43688 -72335 16302 76034 35683 -45499 -51647 -11966 -25857 19351 46472 23237 616 -26022 71791 -2542 131263 -33941 5081 -6731 47440 -9664 28968 -17314 4333 35833 -21011 57290 -51772 38495 34997 -2744 -73687 27809 18532 19833 11102 -8149 -34751 43688 -54115 -66903 24184 78551 -32090 79969 -68553 30163 -14732 52496 -10258 13137 25529 11067 
-104801 -22539 57710 45903 -121768 14903 -119944 -53698 -55157 -9949 11172 6838 38086 73745 -27740 51782 -59649 -40882 25836 -297 23861 -38410 -4494 51559 -61629 53163 37377 15922 -22008 48634 -7499 99215 -70477 -23377 -26548 24775 -43396 109690 -27311 5419 65061 -7704 86143 -93661 -41739 -35796 55266 96246 17852 44519 25004 26062 12655 -139895 -8137 -43298 45807 33123 -58117 -65312 14553 11404 -16849 31979 
14711 -11606 -8354 23986 24490 -1019 -43501 -141728 35059 38227 32406 -33910 34298 5888 -55015 1177 -68476 10723 54643 43819 -79322 29630 -76163 -61296 -59254 -8963 41223 -8796 -73037 -25903 -11696 3674 -97374 93750 3667 -31608 684 33208 46821 -9854 4588 29072 42957 8816 -9482 -51391 52665 -1472 42011 116778 -2307 -67123 -8717 30659 -54789 18362 16541 2054 93990 31666 19125 -66276 78168 -15867 
26840 18008 57149 -7029 -91887 51226 8554 -81408 67247 -15767 -18994 66510 -17436 -68940 -108716 99163 -1246 31509 39296 85786 -99871 10409 20994 49589 -26150 83649 134337 -95902 -76601 71451 -28810 7619 11332 35479 66990 -41808 -82603 31482 -7630 -67490 -59657 -46050 -46720 -77182 -17880 -69090 -5000 17551 -43795 32205 25606 -65422 103134 -13324 -66937 39851 63718 -16419 24920 18480 -50970 -55038 -78681 -8913 
-4027 62266 -54196 -50247 -52907 55994 -33943 65098 21185 33684 -40335 13087 -31575 -18886 -34425 14158 -25181 58942 9505 -49762 -23485 9473 -28406 57198 23243 9510 133160 7289 6611 -41588 -57999 23217 -18877 83398 55897 8600 -33731 3729 -52143 -8986 2005 -6907 -40633 37331 -19018 3711 11726 81732 -35234 -8019 55559 21418 53430 52984 -7039 2052 -57418 75525 46854 22421 -61667 12690 2501 -54497 
-24209 39554 35530 3728 116675 -77129 61442 18244 3730 1518 16786 -44080 13934 159780 -57777 -8041 -49649 21697 51495 -28808 90454 -22858 -33200 -65903 -35507 35717 19192 12275 -44307 24267 -31507 -19489 -43411 -91464 -10833 79599 42569 74024 42915 -22542 13518 4246 7119 17685 -39075 4061 73552 82630 70377 7196 -79377 -68076 -1348 -42706 -17695 -33589 -42330 -123403 -33105 -3671 65342 -11287 -3273 43452 
23686 31369 11100 45680 -43681 29655 6222 -34912 -65700 -14172 105820 -18510 10232 68126 -33005 -36615 -49295 27720 -172 -3844 -40154 5956 -1223 -13893 -19866 -31154 -24631 -27814 -1978 79706 -10862 -20622 -2725 67919 -43409 48543 -105818 -40188 66274 4756 -1829 39908 -7959 -41619 -13534 24990 -15894 54616 18275 -23252 -3820 64791 -28985 -62830 -87888 16594 -2282 -61914 -90751 -45206 -39747 -53739 49467 -40748 
4986 -47332 42069 57613 -61426 -54311 36142 -43960 1676 44764 55838 27936 25220 -47755 94620 25101 57740 -35028 39553 -23091 -8211 53999 -59409 -75352 8114 34816 -9926 -55212 -68407 26128 -4656 34039 -44950 -27162 -7643 -26206 -19867 23727 30854 -5406 -3097 -54242 24440 69583 -81044 20791 31121 32024 39923 20776 40730 -90005 66241 33478 12614 48463 12246 7578 3019 -14662 44935 17218 27538 -33537 
28334 -19938 -125135 -31284 58105 19233 3268 -94006 -71687 49798 43715 -7687 -22404 111752 -38648 36797 38072 -32992 51010 21873 -11157 -24721 -110084 -49606 10533 -36571 -4647 -73236 2880 -46062 38872 14875 -42140 24102 -41595 -351 -7408 -8548 31343 76877 38705 75647 -19409 70284 -42202 52445 -36706 -59302 -61787 6627 -101033 -27630 -23374 -7457 36333 41014 34592 -81891 -50377 6074 -17354 44290 11228 38385 
91240 30400 76830 -8259 -71593 11200 -16323 8892 98802 77376 69030 25190 -24785 -72804 -6847 24817 -38373 72102 -8369 27658 -89228 17288 47082 -27085 22921 -42854 -3380 24978 -18378 36602 -92104 -61770 -7110 -77539 28425 -39210 -26176 10363 32539 8184 -38034 -32402 -27570 -96914 322 -28609 -38451 -41016 -61698 -117909 114879 -6825 6192 -21616 -53092 -4567 14417 -40253 -46005 -1370 -19833 -14997 30429 46596 
88287 42298 12579 -46540 -16862 -53950 41665 34270 72899 -42495 13010 41425 -49516 4554 -53007 13920 35917 -2823 -6645 51731 -111537 -23450 -73136 -85388 -66206 45221 -64574 -10275 47901 -13631 -13324 42167 -70659 -954 -84756 36342 59918 31469 22028 31996 -14938 30771 27761 -33427 38106 -50700 47640 -10299 33863 27486 47144 60838 -43727 -100000 18096 -28513 26506 -22700 129089 68973 -41085 24109 11026 16495 
-40529 78987 -3316 -12453 29069 1852 20942 -59290 -24960 -40088 20864 46719 -346 32020 -19006 37819 -46922 -24426 108705 29530 -54983 5271 -45048 -88114 30739 64067 38965 5867 44518 -40790 -6441 -22542 -65957 39986 -76625 13116 53985 7051 49139 27821 -3689 -15785 32647 40319 -14248 6737 -43038 -31127 23951 -266 -3993 28092 67835 -17531 36948 33187 34662 -13207 -10791 -28640 -43852 26782 55412 10953 
-56164 28133 19273 81695 -60667 72252 -77326 -79174 45943 22426 -8337 -14646 -24980 -94258 8747 21649 39676 6866 -11831 79027 32719 61339 33893 -17866 -16246 -71363 44697 -43989 -18488 -27904 41290 -35873 27039 -8003 50318 -67356 -73595 34371 -118083 -52431 56766 25141 -85877 -94464 -25394 -6110 -56253 -91652 -33645 39981 11877 -37664 -15289 102189 -70625 58431 60606 100909 -12676 5268 -22291 -18724 -23333 -38560 
-13522 -15721 14828 -51207 45041 -73272 -88769 -30205 -28216 -49714 -38001 43029 65641 147610 -33097 22303 3312 6065 -38632 20450 100656 -1636 -18061 44085 -61912 35835 71949 14072 -7087 -61116 37492 -72882 92049 -7200 23443 -45935 29556 -34671 -80060 -33897 20754 1412 -16080 -61873 1637 21924 -11841 8030 23362 61284 -84361 -23413 -12425 -20058 9364 -9542 6764 43951 8655 53147 89315 -55658 -18845 -72927 
14382 -22811 38166 16663 -74089 -7760 44005 15245 -50804 15378 1665 -2758 64595 40498 37999 -11739 70670 -46173 84099 11042 -16444 159545 654 -7417 -55146 -40481 -31231 -72315 -2263 -34030 24963 19160 30229 -32657 -9271 18749 22900 18678 51081 -48662 -46702 -22952 -42128 51775 -123362 8618 -47367 -1449 40850 43840 53045 19865 10300 16612 -67180 -26177 -33423 -10932 1864 105044 22452 25926 39706 -42769 
-59323 -28727 39731 7911 13253 -41705 45845 61963 -40293 -7376 -38139 51553 21497 -1797 19462 -58410 -40672 27597 -32700 -17942 16762 -46553 -80818 17413 4501 100947 17807 70704 11388 41856 -68111 37569 25126 12130 22048 35860 -23701 74049 -25714 47006 -19007 -129039 93403 49050 18117 633 20263 73933 -13720 -73990 -7374 -3021 -11486 1553 -18014 707 -29137 -47375 18784 19600 -37186 -17567 3784 22914 
-20788 51759 40936 -13877 -36730 -39895 -31447 109003 -33193 53854 -31266 25589 4382 15840 -13318 4775 -73181 45255 61350 -64531 27557 -35598 16279 24800 7920 28525 32850 46494 -37038 34359 -56934 14989 16523 -26937 29321 32091 25122 -32186 -1352 36125 30362 -60875 -15952 -42259 58170 -41368 62328 7471 -30325 -1457 10013 -64426 70135 9017 43210 12934 -45398 35400 -4026 -24941 13834 -32726 -49115 -3116 
-39077 5895 45719 14377 34630 -46621 -14571 -3363 8557 19613 59727 -44838 67314 -7434 8183 -55923 -97678 9916 -80560 -31386 17056 -36894 -46702 42490 36840 27730 31953 10319 -94215 -2226 -88288 -46281 58189 -25559 -12373 786 -27773 12880 -24928 60725 -9506 -54570 39313 -13606 -34358 -36759 54725 -90619 -35213 -52990 -34017 -25222 25395 -9265 -58088 -16237 -109362 58960 -26676 -5289 42248 -32034 70498 45060 
-36294 -3594 -54483 -45812 -7828 -30002 6660 70954 44721 -85008 41025 -34061 23731 -3613 -30527 11998 17381 23504 -40027 12158 57830 48920 -46037 -19205 -847 89211 -20897 32386 -16354 32250 -43636 -41665 13821 -19549 -81341 4001 35121 15306 48374 6375 24892 -15949 38846 33146 -27594 65865 -62384 -18775 53170 -22496 16350 87599 13400 -6566 106636 -42423 10996 -26990 40456 -31496 -35526 46558 -52704 9239 
-3544 -24900 -14642 -69344 16855 -69274 27906 13715 74446 6422 42418 21449 23856 44321 -22925 22554 -4662 -49034 45542 -45964 -9634 17249 -32933 -35760 -43026 95395 11796 21865 -55917 -5933 -33883 68342 11750 -45675 -44596 76569 4713 40198 64135 -34145 29235 -27328 22130 10666 -4233 36094 39289 -6292 64210 -12979 -64082 38392 356 41366 -22550 -24531 -4521 -68170 67258 -19235 -15028 6851 30114 32861 
6297 -22585 -10567 37485 9172 -66059 -20587 -8962 -46710 -42839 -19237 -18424 -19699 54166 -75870 -25445 37246 -60998 -77203 14682 29347 54196 38868 14236 -20946 -8976 -58657 -4694 -10536 -29173 56657 92104 86601 -29697 78300 -41099 9875 -22209 26636 86936 -43830 -50790 46569 -4575 -31497 -25407 75683 -3418 12465 -57425 4621 1328 -2906 55201 -43094 -68700 -13320 55776 40350 63288 56226 -25917 34999 -18298 
-19885 -26909 32478 33505 -42488 43770 -108444 -38427 -15148 15068 38982 21042 31006 -35965 -43078 26983 -47311 65610 -5079 -7326 25956 -18296 15577 15437 -20542 46486 -5259 -7503 -55940 -25231 -31971 3216 -35051 4026 -9497 5428 -30057 43054 -25198 5763 54630 -85738 -14994 11332 -28232 1211 -31222 12321 26401 -6986 -7089 40739 68219 -30668 23826 -78738 -57340 3114 -41734 53787 32194 -61652 -5532 -62758 
2489 8116 99153 105773 -21521 -61866 57668 -93510 4917 41588 37933 15088 -80264 52336 -85938 54819 -15226 19213 74922 -41231 -31815 46057 -21210 -88516 -32659 -35285 42618 -19852 11305 17239 -9845 -5297 19224 -35880 -61506 -37600 17760 -9086 76454 23743 -12160 1326 38259 -49391 -11816 33262 50956 -128458 35226 -6121 61613 -74679 -33239 115660 64017 11438 917 -310 -27772 31882 64133 -10859 -29046 43917 
16960 337 -10282 11913 22880 -43717 31811 84901 -26105 58427 6123 35959 4691 5803 -2514 47543 23048 21900 51191 79391 -50675 -45818 -53172 746 -9223 5573 -25689 -58362 19098 -98117 18255 -7752 -30301 -68632 34017 -41256 33338 16235 54003 7059 105951 -32636 -38900 -16656 52270 14982 -596 -49237 -56002 -90734 -30295 -6316 -27142 -20228 77474 -55935 35001 14663 -28556 -6031 -80005 -1807 -21119 32157 
13622 -25103 3514 -40515 -18765 -112753 -76283 9409 -49602 38610 -17044 19252 35584 55388 -9219 73056 -1680 -58709 18560 7161 58598 -7810 -39401 -53414 -526 26492 -6156 -45654 -54250 -34660 -37130 -30887 -52182 -10777 -26301 -77088 -45274 -22161 -29279 17634 12237 -27139 15646 -1062 -45429 38747 -58919 46075 13443 -37484 -33397 44803 63608 -63174 50410 -12199 107067 9958 8524 19417 20157 -44039 -7451 -7901 
27935 -18297 -26185 9503 33796 46330 25812 67206 63116 27360 -10912 -21270 -32436 -67964 86594 -9867 34321 7020 22473 1011 -33256 -10459 30976 1122 -11952 62164 23906 17810 -42729 77779 26871 -59798 -81425 -54073 26962 54919 43930 -19041 -66452 -37921 36330 25666 -54428 -24810 37707 -26380 -5694 23043 -1812 30826 -79878 -48904 -19295 -70427 49678 -27883 9149 -29513 40755 -30652 -47261 -52138 -36708 176 
